
Filtro 0

  15   30    9 
 -65 -127  -38 
  53  105   23 
--------------
  15   34   10 
 -66 -120  -34 
  60  105   23 
--------------
  -1    2    4 
 -19  -22  -10 
  18   10    6 
============= <inicia o proximo>

Filtro 1

 -16    3  -42 
  31   72   45 
 107  127   86 
--------------
  -6   10   -9 
  -7  -26   15 
  36    3   10 
--------------
   2   19  -20 
   4   17    4 
  13   16   13 
============= <inicia o proximo>

Filtro 2

 -49  -85  -22 
 -69 -127  -33 
 -25  -53  -14 
--------------
  17   53   14 
  17   61   14 
  14   30    8 
--------------
  34   56   16 
  50   84   24 
  28   22   10 
============= <inicia o proximo>

Filtro 3

   0    0    0 
   0    0    0 
   0    0    0 
--------------
   0    0    0 
   0    0    0 
   0    0    0 
--------------
   0    0    0 
   0    0    0 
   0    0    0 
============= <inicia o proximo>

Filtro 4

  50  111   28 
 -47  -91  -23 
   4    8   -2 
--------------
  68  127   31 
 -54  -96  -24 
   5   13    0 
--------------
  27   23   12 
 -17  -18   -5 
  -3   -3   -1 
============= <inicia o proximo>

Filtro 5

   0    0    0 
   0    0    0 
   0    0    0 
--------------
   0    0    0 
   0    0    0 
   0    0    0 
--------------
   0    0    0 
   0    0    0 
   0    0    0 
============= <inicia o proximo>

Filtro 6

  21   -7  -18 
  81  -32  -52 
  72  -19  -56 
--------------
  64  -12  -55 
 127  -44  -87 
  62  -15  -45 
--------------
  61   -8  -56 
  64  -13  -50 
 -18   13    7 
============= <inicia o proximo>

Filtro 7

   0    0    0 
   0    0    0 
   0    0    0 
--------------
   0    0    0 
   0    0    0 
   0    0    0 
--------------
   0    0    0 
   0    0    0 
   0    0    0 
============= <inicia o proximo>

Filtro 8

 -15  -20   -3 
  -5  -13  -12 
   9  -20    5 
--------------
 -64 -103  -44 
 -66 -127  -42 
  -6  -26  -11 
--------------
 -42  -46   -8 
 -31  -24   -5 
  10    7    4 
============= <inicia o proximo>

Filtro 9

 -64  111   18 
 -28  103  -55 
  75  -41  -29 
--------------
 -23   28    8 
   4   48  -36 
 127  -93  -27 
--------------
   5  -49   35 
  14   -9    2 
  69  -80   15 
============= <inicia o proximo>

Filtro 10

  -7   25  -17 
 -39   84  -44 
 -30   60  -30 
--------------
 -24   57  -32 
 -66  127  -64 
 -25   53  -30 
--------------
 -16   42  -26 
 -30   54  -28 
  13  -25   16 
============= <inicia o proximo>

Filtro 11

   0    0    0 
   0    0    0 
   0    0    0 
--------------
   0    0    0 
   0    0    0 
   0    0    0 
--------------
   0    0    0 
   0    0    0 
   0    0    0 
============= <inicia o proximo>

Filtro 12

 -31  -55  -18 
 -45  -78  -19 
 -16  -25   -8 
--------------
  42   96   24 
  64  127   29 
  32   40   13 
--------------
 -19  -50  -12 
 -28  -61  -12 
  -9  -13   -5 
============= <inicia o proximo>

Filtro 13

   0    0    0 
   0    0    0 
   0    0    0 
--------------
   0    0    0 
   0    0    0 
   0    0    0 
--------------
   0    0    0 
   0    0    0 
   0    0    0 
============= <inicia o proximo>

Filtro 14

 -17  -31   -1 
  60  111   33 
  10    7    6 
--------------
 -14  -27   -3 
  72  127   34 
  13   11    8 
--------------
  -4    0   -1 
  23   28   12 
   5    6    4 
============= <inicia o proximo>

Filtro 15

  17   45    6 
   2  -25    2 
  -2    6    3 
--------------
-124 -127  -28 
 -81  -51   -8 
  29   -1   -2 
--------------
 -39 -105  -66 
 -15  -42  -15 
  22    2    2 
============= <inicia o proximo>
